50
0 1
0 1
0 3
0 5
0 5
0 7
0 10
0 12
0 17
0 30
0 34
0 34
0 37
0 40
0 45
1 10
1 11
1 14
1 17
1 26
1 30
1 31
1 31
1 31
1 31
1 33
1 34
1 34
1 44
2 4
2 6
2 9
2 21
2 22
2 26
2 32
2 33
2 34
2 35
2 35
2 36
2 36
2 37
2 44
2 45
3 6
3 7
3 7
3 21
3 23
3 23
3 27
3 31
3 32
3 34
3 36
3 44
4 2
4 8
4 9
4 10
4 12
4 16
4 25
4 26
4 30
4 31
4 42
4 43
4 45
4 45
4 46
5 6
5 6
5 9
5 11
5 13
5 14
5 15
5 17
5 23
5 24
5 28
5 40
5 40
5 43
5 48
6 2
6 4
6 7
6 11
6 23
6 24
6 24
6 26
6 32
6 34
6 35
6 36
6 36
6 41
6 45
6 49
7 1
7 2
7 2
7 6
7 8
7 9
7 11
7 13
7 18
7 19
7 36
7 36
7 38
7 39
7 41
7 49
8 0
8 11
8 12
8 14
8 16
8 17
8 17
8 18
8 22
8 22
8 25
8 27
8 29
8 33
8 49
9 4
9 11
9 12
9 15
9 15
9 19
9 20
9 26
9 27
9 28
9 30
9 31
9 36
9 38
9 40
9 41
9 41
9 47
9 48
9 49
10 1
10 8
10 8
10 11
10 15
10 20
10 23
10 27
10 30
10 31
10 32
10 33
10 35
10 42
10 43
10 46
10 46
11 2
11 5
11 6
11 8
11 10
11 13
11 13
11 17
11 19
11 20
11 22
11 29
11 37
11 39
11 41
11 46
11 47
12 2
12 7
12 10
12 11
12 13
12 13
12 16
12 17
12 21
12 24
12 27
12 33
12 35
12 38
12 46
13 10
13 14
13 17
13 18
13 22
13 23
13 30
13 33
13 34
13 34
13 35
13 36
13 36
13 42
13 43
13 45
13 47
13 49
13 49
14 6
14 9
14 9
14 10
14 15
14 22
14 26
14 27
14 33
14 40
14 46
14 46
14 49
15 0
15 1
15 9
15 10
15 16
15 16
15 18
15 19
15 29
15 32
15 32
15 38
15 39
15 40
15 45
15 47
16 2
16 3
16 6
16 10
16 12
16 17
16 17
16 18
16 22
16 31
16 42
16 42
16 43
16 43
16 46
17 7
17 9
17 10
17 12
17 16
17 18
17 19
17 21
17 22
17 24
17 30
17 30
17 36
17 42
17 44
17 44
17 45
17 47
18 6
18 12
18 13
18 16
18 19
18 23
18 25
18 34
18 34
18 37
18 39
18 40
18 44
18 47
19 1
19 7
19 7
19 8
19 13
19 13
19 23
19 25
19 29
19 38
19 38
19 44
20 5
20 6
20 6
20 21
20 32
20 35
20 39
20 41
20 43
20 44
20 45
20 45
20 47
21 4
21 7
21 7
21 12
21 13
21 27
21 34
21 36
21 37
21 40
22 4
22 4
22 5
22 7
22 15
22 20
22 21
22 23
22 24
22 24
22 31
22 38
22 41
22 43
22 44
23 0
23 2
23 3
23 8
23 9
23 13
23 14
23 24
23 24
23 25
23 25
23 35
23 37
23 41
23 42
23 43
24 1
24 8
24 10
24 13
24 16
24 18
24 19
24 23
24 25
24 26
24 29
24 33
24 35
24 35
24 38
24 43
25 5
25 5
25 17
25 20
25 22
25 26
25 26
25 27
25 32
25 33
25 33
25 37
25 37
25 44
25 48
26 0
26 2
26 4
26 10
26 10
26 12
26 19
26 27
26 28
26 31
26 37
26 38
26 39
26 39
26 43
26 46
26 46
26 47
27 5
27 9
27 10
27 17
27 32
27 32
27 34
27 37
27 39
27 41
27 42
27 48
27 48
27 48
28 5
28 8
28 8
28 17
28 24
28 25
28 26
28 29
28 41
28 42
28 46
28 47
28 48
29 13
29 14
29 18
29 25
29 31
29 33
29 40
29 41
29 41
29 48
30 0
30 1
30 3
30 6
30 11
30 12
30 22
30 27
30 31
30 38
30 45
30 46
30 47
30 47
30 47
31 1
31 4
31 9
31 9
31 11
31 12
31 13
31 17
31 21
31 25
31 27
31 32
31 32
31 33
31 34
31 35
31 37
31 39
31 44
31 46
32 0
32 3
32 5
32 8
32 9
32 11
32 18
32 18
32 18
32 22
32 23
32 25
32 26
32 31
32 31
32 33
32 42
33 1
33 3
33 9
33 10
33 12
33 15
33 15
33 17
33 18
33 21
33 24
33 30
33 32
33 35
33 37
33 48
34 0
34 2
34 5
34 9
34 14
34 15
34 16
34 20
34 20
34 22
34 31
34 33
34 35
34 43
34 44
34 45
34 48
35 2
35 5
35 6
35 11
35 13
35 15
35 18
35 20
35 26
35 26
35 28
35 28
35 30
35 31
35 32
35 36
35 49
36 0
36 3
36 5
36 7
36 8
36 15
36 20
36 20
36 24
36 26
36 27
36 30
36 31
36 37
36 47
36 49
37 0
37 10
37 13
37 14
37 15
37 19
37 22
37 23
37 25
37 29
37 30
37 38
37 41
37 41
37 44
37 47
37 47
37 49
38 1
38 3
38 4
38 6
38 8
38 11
38 16
38 23
38 26
38 26
38 27
38 28
38 32
38 39
38 40
38 43
39 5
39 6
39 9
39 11
39 13
39 13
39 15
39 27
39 28
39 31
39 32
39 33
39 37
39 43
39 44
39 48
40 0
40 0
40 2
40 6
40 9
40 14
40 16
40 16
40 22
40 23
40 29
40 35
40 36
40 37
40 38
40 45
40 46
41 3
41 4
41 7
41 8
41 10
41 13
41 15
41 17
41 26
41 30
41 34
41 39
41 40
41 42
41 45
42 12
42 16
42 19
42 24
42 29
42 36
42 39
42 46
42 47
42 48
42 49
43 0
43 1
43 2
43 3
43 4
43 14
43 14
43 20
43 28
43 28
43 38
43 39
43 44
43 49
43 49
43 49
44 2
44 4
44 8
44 11
44 14
44 15
44 16
44 20
44 28
44 37
44 37
44 40
44 40
44 47
44 49
45 2
45 2
45 4
45 4
45 9
45 11
45 15
45 16
45 21
45 24
45 30
45 38
45 40
45 41
45 46
45 49
46 0
46 1
46 3
46 5
46 9
46 9
46 19
46 30
46 35
46 37
46 39
46 39
46 40
46 40
46 40
46 43
47 0
47 11
47 17
47 17
47 18
47 23
47 23
47 25
47 25
47 26
47 28
47 29
47 32
47 33
47 34
47 39
47 48
48 1
48 3
48 7
48 14
48 19
48 20
48 21
48 22
48 24
48 28
48 35
48 45
48 49
49 0
49 4
49 7
49 7
49 12
49 12
49 24
49 25
49 28
49 31
49 34
49 35
49 36
49 38
49 38
49 43
49 45
